0 0.9604082383035293 1.8147763409148427 0.0 0.0
1 0.9604082383035696 1.8147763409148365 0.0 0.0
2 0.960408238303495 1.814776340915056 0.0 0.0
3 0.960408238303533 1.8147763409149433 0.0 0.0
4 0.9604082383035365 1.814776340914841 0.0 0.0
5 0.9604082383035412 1.814776340914942 0.0 0.0
6 0.9604082383035606 1.8147763409143947 0.0 0.0
7 0.9604082383035384 1.8147763409150497 0.0 0.0
8 0.9604082383035282 1.8147763409146334 0.0 0.0
9 0.9604082383035192 1.81477634091461 0.0 0.0
10 0.9604082383035366 1.8147763409143969 0.0 0.0
11 0.9604082383035405 1.8147763409149413 0.0 0.0
12 0.9604082383035782 1.8147763409141846 0.0 0.0
13 0.9604082383035334 1.8147763409147233 0.0 0.0
14 0.9604082383035442 1.8147763409146203 0.0 0.0
15 0.960408238303565 1.8147763409147402 0.0 0.0
16 0.9604082383035251 1.8147763409149509 0.0 0.0
17 0.9604082383035929 1.8147763409139657 0.0 0.0
18 0.9604082383035544 1.8147763409150581 0.0 0.0
19 0.9604082383035374 1.8147763409148387 0.0 0.0
20 0.9604082383035721 1.814776340914081 0.0 0.0
21 0.9604082383035127 1.814776340914843 0.0 0.0
22 0.9604082383035493 1.8147763409145214 0.0 0.0
23 0.9604082383035037 1.8147763409150572 0.0 0.0
24 0.9604082383035034 1.8147763409143989 0.0 0.0
0 0.9558173081173912 1.6802493812980157 0.023235723770263672 0.1649101507056866
1 0.9471739678232127 1.9979719508054843 0.02813538231644558 0.48958869940966177
2 0.9452574472936016 1.86170141363906 0.022905829077563444 0.2003270451032546
3 0.9828515086011563 1.8257332364243481 0.0214358437421851 0.3369844354079332
4 0.9717408047654835 1.6948585345440805 0.02860556276275772 0.2153436422616778
5 0.947295097953791 1.709957827913414 0.024882767276154127 0.3403157109190682
6 0.9597432444004542 1.6599733906226195 0.022984689321898732 0.3392986371238458
7 0.9544965652167436 1.7783650937566715 0.020628901097913932 0.29266706037315093
8 0.954877002426331 1.9277960882692025 0.025125626406953427 0.16776360231171383
9 0.9625141853839279 1.8655225463845067 0.024482137377920488 0.327287793795515
10 0.9895065272448025 1.5794235067727431 0.04355758018550082 1.3587449091706443
11 0.9602221410111973 1.9315471830989053 0.025626259587906153 0.22804744836070756
12 0.9785913247116452 1.6062659803261825 0.022679586866031 0.31606211814979324
13 0.9478425815641072 1.9011424744949765 0.02609449757937271 0.24573964811231108
14 0.9690600668945617 1.8251930770475215 0.026456472913425177 0.23466696667513998
15 0.9658667558025532 1.749004300574605 0.029853675760841192 0.4483478900969564
16 0.9755546017227129 1.8117993352415942 0.027452054611050047 0.1738166244360032
17 0.9678224974623374 1.736380098860658 0.028240370731417386 0.3267025469063166
18 0.9508273604459812 2.2006965092161908 0.03439080112187787 0.7480653257851295
19 0.9644209362809567 1.998839003437849 0.02975409566224063 0.4242481654221739
20 0.9680823656523765 1.7873420273686826 0.02567011105094863 0.17144068292608927
21 0.9632914483533997 1.7383747937002862 0.026269512389959115 0.3923293951416721
22 0.9538982330122028 1.716687098057373 0.034131135973026805 0.8634648203466527
23 0.9492401845360315 1.8240254214206935 0.025644132559614397 0.3005201562840357
24 0.9526170113355454 1.9511365177161182 0.02534382384039402 0.24774114450745122
0 0.961171382057957 1.8130522623578615 0.0025572398194130264 0.02974416813156955
1 0.9622677817737962 1.81574818166973 0.0026424642099574513 0.03403187456499979
2 0.9621721852153332 1.812199331304927 0.002815461254371654 0.03737063329390178
3 0.9575467154460306 1.8246666897237844 0.002351622826666344 0.029236538952931324
4 0.96030985119154 1.838690075737793 0.0025449634857193093 0.02972729044583977
5 0.9637025620115701 1.7887764268174893 0.0024921612074573773 0.026031677757884952
6 0.9606793586712111 1.8320936569611934 0.0030759874832695933 0.033775638717767564
7 0.9612443987071455 1.8194278813884546 0.002625727975841874 0.031073010751848762
8 0.9594045251601961 1.785531117444828 0.002420375088241722 0.03284923879264334
9 0.9601768969396485 1.8132617716286263 0.002600320646129306 0.03472838178854143
10 0.9592231698848892 1.8119085312864351 0.0026541274243193635 0.02825106102413011
11 0.9605505202104863 1.8323038367707676 0.00287281906698994 0.0313578764464999
12 0.9601502592937895 1.8201854293982147 0.002819444330145471 0.031811487723832355
13 0.9592409468726079 1.8132321577181196 0.002502356177382703 0.030196564337528042
14 0.9600538014198923 1.8119813331293528 0.002578075850266759 0.03288665198827112
15 0.9601657990898907 1.8288317565099532 0.00275781476689263 0.03272534007138217
16 0.9620610604871118 1.812001965159886 0.003161923308394987 0.03666946623314504
17 0.9605120341804879 1.8091900348351397 0.0029540594747483606 0.031115391117232494
18 0.9601079721515513 1.797883042582351 0.0030421434744226095 0.027741558951601797
19 0.961023568259835 1.8208420597640151 0.002682732740757421 0.03476244215366908
20 0.9634640597560751 1.7932448888728303 0.002326717454044447 0.02770774802452669
21 0.9623093948481186 1.8025324723836742 0.0027570050899684007 0.03370526327617995
22 0.9584798067282911 1.838604462932308 0.002871344329787473 0.02973307912938994
23 0.9590018031275818 1.8193985352838666 0.0028418782125049225 0.029917650717788735
24 0.9615242104236711 1.8173521176368141 0.0027875184327333935 0.035281656978812914
0 0.9602142686742388 1.8205265672069917 0.0005653783645798716 0.005509585897477409
1 0.9605431126197204 1.8160750009570517 0.00046565530680692246 0.006469324296388246
2 0.9605460342771639 1.8131911523065765 0.0005178483799914702 0.005897394254322119
3 0.9602023090830583 1.8147005350927654 0.0004636471642697204 0.005343935408287481
4 0.9606174768320144 1.817097127181479 0.000516065894295703 0.005547397978938995
5 0.9603643198824611 1.8140312072400109 0.00044464260957916 0.005820520104011129
6 0.9604817031042333 1.8097457186557038 0.0005216392844130668 0.00523259937655518
7 0.9602007607281957 1.814938304491735 0.0005442032796268426 0.006141496040308225
8 0.9601533350524286 1.8220610720375696 0.0004437635666876272 0.006183407507703076
9 0.9600703862946421 1.814333860782758 0.0005395555252331041 0.0059139943863202316
10 0.9605049604602367 1.8164424541461412 0.0004965982961471771 0.005618539986616544
11 0.9605402785780768 1.816444129161163 0.00048327796237640497 0.007565835839287605
12 0.9601490651663088 1.817665014902378 0.00048738761882910486 0.005619757358560351
13 0.9607171911321681 1.8113721109184677 0.0005310027390652006 0.005856121041820095
14 0.960855486047347 1.8087291014827562 0.0005327134614104279 0.006286311819999835
15 0.9603937563142849 1.813603041760999 0.0004515567346750071 0.005709563758206526
16 0.9604622722083391 1.8105262409030134 0.00047323222305728496 0.006159110751821406
17 0.9598981909598655 1.8185670240124252 0.000520288136619862 0.005299959476631089
18 0.9603621779529317 1.8135529749186716 0.0005255277407589243 0.0063945259460531645
19 0.9604372025169071 1.8133161086875484 0.0005010113659601467 0.006188008634662845
20 0.9605130686778797 1.813386478439076 0.00044992228338208706 0.005386263154873672
21 0.9605071278959565 1.8101556343981553 0.0005101176444227695 0.005713123121552255
22 0.9603441995122821 1.8165035142947417 0.0004476690807472816 0.006609060164974756
23 0.9604528781063191 1.8152914954831891 0.0004850482400796663 0.005882645706654199
24 0.9602990242628057 1.8145827224658637 0.0005701908687287816 0.00616739458020843
0 0.9599991799271405 1.8147395133274402 0.0 0.0
1 0.9599991799271212 1.814739513326372 0.0 0.0
2 0.9599991799271358 1.814739513326597 0.0 0.0
3 0.9599991799271119 1.814739513327132 0.0 0.0
4 0.9599991799271 1.8147395133267952 0.0 0.0
5 0.9599991799270836 1.8147395133272752 0.0 0.0
6 0.9599991799271262 1.814739513326915 0.0 0.0
7 0.9599991799270702 1.8147395133271678 0.0 0.0
8 0.959999179927111 1.8147395133266957 0.0 0.0
9 0.9599991799271038 1.8147395133269493 0.0 0.0
10 0.9599991799270783 1.814739513327184 0.0 0.0
11 0.9599991799271205 1.8147395133271773 0.0 0.0
12 0.9599991799271228 1.8147395133266035 0.0 0.0
13 0.9599991799271352 1.81473951332735 0.0 0.0
14 0.959999179927094 1.8147395133273714 0.0 0.0
15 0.9599991799270677 1.814739513327008 0.0 0.0
16 0.9599991799271371 1.8147395133269215 0.0 0.0
17 0.9599991799270537 1.8147395133276751 0.0 0.0
18 0.959999179927065 1.8147395133270512 0.0 0.0
19 0.9599991799271105 1.8147395133269932 0.0 0.0
20 0.9599991799270935 1.8147395133271902 0.0 0.0
21 0.959999179927087 1.814739513327175 0.0 0.0
22 0.9599991799270924 1.8147395133269744 0.0 0.0
23 0.9599991799271145 1.814739513327062 0.0 0.0
24 0.9599991799271509 1.8147395133267687 0.0 0.0
0 0.9473803906883054 2.03622521308616 0.028269704985985744 0.3974435405640129
1 0.9901769431608717 1.5882639778264651 0.02788585288887918 0.22392063170391963
2 0.9815471200401313 1.6585855495359507 0.026269336813834143 0.28522709085516296
3 0.96070996742527 1.691000848438948 0.026874935053074367 0.7265664267353757
4 0.9576825315041606 1.942577032747851 0.03173941216916637 0.20104505122887129
5 0.9821868819094954 1.6141931280051187 0.021896005577738797 0.351004079462511
6 0.9627092275611433 1.768827471452493 0.028213373422711463 0.2335982148954775
7 0.9314879873924207 1.77769850017669 0.02126040923546746 0.20556065726617134
8 0.9577883926685737 1.7718219779801567 0.02726254074284512 0.22003955869721903
9 0.9689268049660131 1.8601727821302485 0.03119199688090396 0.2494638800431792
10 0.9418191794036652 1.9490223433212883 0.024413342438226904 0.18584619611524655
11 0.9640939152564121 1.7170648836134694 0.02420853677900603 0.1967111913958598
12 0.9554278778054515 1.9508743399445707 0.02388172357358742 0.1954822670158377
13 0.9518427365096791 1.9792519790733587 0.02837555776254458 0.19343742589898405
14 0.9603052943799822 1.8182402862182094 0.024042197723675718 0.21460577356912358
15 0.9587631220608687 1.7215820370732993 0.0236447568602568 0.23721975778337812
16 0.9607719031528229 1.9211924466260186 0.023990331654312025 0.24738319902605155
17 0.9468098792501399 1.75129219438424 0.028741542581899426 0.4858439005606704
18 0.9684395950821367 1.759039327090221 0.028143879287665485 0.3259077302382358
19 0.9509309291374426 1.8390535036877562 0.02428162152768243 0.1693622128768747
20 0.9516956769190584 1.700739419811771 0.02274765185021549 0.29836565292530626
21 0.9547911756069642 1.9726928120967042 0.02347075727022624 0.24925065554152548
22 0.9525413485108833 1.689443468858483 0.023457388948842195 0.1646057763616411
23 0.9974440933711574 1.6762803537756674 0.03048739024987368 0.20232281093136262
24 0.9643938662988605 1.824245610580479 0.02805524911579632 0.16807412973776759
0 0.9581104961767432 1.8349655924847503 0.002452083170414343 0.031224615253390264
1 0.9598986953161132 1.8042391643329811 0.002676275372640702 0.031808962872707625
2 0.9582667359518855 1.8161295777618731 0.0023837699260732537 0.03083967235300855
3 0.9617865858811864 1.8320453110434467 0.002971166527208857 0.03174732867398855
4 0.9617327819239037 1.8022567223291668 0.0029417408207859097 0.028595985543902525
5 0.9599212071592774 1.7965500592503463 0.0026609204669985065 0.03227768413672427
6 0.9600812277884433 1.7933150263968998 0.002522717885719894 0.030303528207702213
7 0.9593576413393465 1.83021685095595 0.0024819947701688605 0.029272607196882627
8 0.9620163106051803 1.818982226958048 0.0028989396441321813 0.034866042629714156
9 0.9592835852252775 1.8348326874818017 0.002815628851708607 0.029166067426783848
10 0.9611091140488953 1.8223029358895977 0.002638043567991244 0.029100872693082702
11 0.9585905648701165 1.8130693735814956 0.0027176119515617825 0.030432752149938458
12 0.9604552751851113 1.8333054543659888 0.0027862871689310342 0.029067044298860423
13 0.9584614780178445 1.8126708050637437 0.002402077215869991 0.025666680842318823
14 0.9617688874200041 1.8113078124944144 0.002694173027807112 0.0341084484833265
15 0.9609045858871592 1.8170542054273315 0.002598171378099423 0.03162405997298512
16 0.9591925245631499 1.8218424235786774 0.002353695154393376 0.03005313561304357
17 0.9595510460241756 1.8212698863038568 0.002449621434506999 0.03440064366690121
18 0.9617554127216997 1.8073096617797595 0.002850024153230546 0.031030103945199228
19 0.9606286782045075 1.8135316752048438 0.00232421235972452 0.02615086006008971
20 0.9598033325285947 1.8249024958575955 0.002269335207425338 0.02719282458746164
21 0.9591345328536013 1.834124402989054 0.002287993275302991 0.027925276045812297
22 0.9607169874050724 1.821419768484179 0.0031774286999868284 0.03079045787351342
23 0.9602170292439997 1.7973748380266963 0.0026917919720701455 0.030567202855876885
24 0.9595436558537039 1.8132672995252068 0.0023621525004106636 0.02731551607364302
0 0.9601663818336682 1.8140772923476367 0.0005576018069766153 0.005574366065329683
1 0.9594980137534133 1.8176260070599748 0.0005352860188818087 0.005594572087585736
2 0.9601045332948585 1.8184515843469287 0.0005447864025838189 0.005517451335480317
3 0.9599602175796668 1.8147203118276014 0.0004930233959056229 0.006585726712650342
4 0.9597158142716716 1.8114286121158631 0.00047925863956438386 0.006002297181280203
5 0.9594212414172707 1.8177789228343166 0.0005359594056961736 0.00588487270593252
6 0.9599717463115389 1.817636710510902 0.0005607019889330433 0.005764971688517528
7 0.9597748736582735 1.8130994980316766 0.0005357309409248501 0.005823980345734725
8 0.9596616724735768 1.815124820520216 0.00047912514297726583 0.005445060247617262
9 0.9596614849019026 1.8143980197417469 0.0005007748734011663 0.005873566294752219
10 0.9598236317502803 1.8153522709589496 0.0004610209219639838 0.005422371692968997
11 0.9602010127180617 1.8119733804814802 0.0005205090545169488 0.005085801723015759
12 0.9599933509075942 1.815331497183475 0.0005274357149824271 0.005590717918769195
13 0.9603583676437456 1.8165669683381804 0.0004514777015420246 0.005256789865572209
14 0.9599125639289607 1.8099906756583861 0.0004388296853201079 0.006295578612867225
15 0.9599832724525145 1.8169123272198895 0.0005109547794349689 0.0062680888694550685
16 0.9603501758444661 1.8159629403939692 0.00048139078555187176 0.005745074220467661
17 0.9601646369555388 1.81621219327732 0.0005179192264046506 0.005972803686666195
18 0.9599971779715332 1.813496002968286 0.00047251506738588134 0.0053405287781752575
19 0.9599017573929144 1.8169814741860526 0.00047400342359715797 0.0050228387378788986
20 0.9600345988865939 1.810558254187262 0.00046062746920161324 0.005444796488098258
21 0.960004344870662 1.8174591070281891 0.00047267502762488034 0.0060102840368077
22 0.9604098893756254 1.8140640895639732 0.0004818328050530396 0.005621778437601144
23 0.9599926030705569 1.8173491590024555 0.0004569117784677945 0.004680123403831171
24 0.9602650729715705 1.8150680766761687 0.0004469113964170601 0.005186108958075808
0 0.9603110285316553 1.8146772495984516 0.0 0.0
1 0.9603110285316998 1.814677249597708 0.0 0.0
2 0.9603110285316886 1.8146772495985648 0.0 0.0
3 0.9603110285316452 1.8146772495988952 0.0 0.0
4 0.9603110285316657 1.81467724959824 0.0 0.0
5 0.9603110285316665 1.814677249597608 0.0 0.0
6 0.9603110285316535 1.8146772495983448 0.0 0.0
7 0.960311028531655 1.8146772495984622 0.0 0.0
8 0.9603110285316313 1.8146772495985561 0.0 0.0
9 0.9603110285316564 1.8146772495984473 0.0 0.0
10 0.9603110285316623 1.8146772495984673 0.0 0.0
11 0.9603110285316533 1.8146772495986787 0.0 0.0
12 0.9603110285316874 1.8146772495981318 0.0 0.0
13 0.9603110285316626 1.8146772495972765 0.0 0.0
14 0.9603110285316766 1.8146772495987935 0.0 0.0
15 0.9603110285316996 1.8146772495981267 0.0 0.0
16 0.9603110285316699 1.8146772495984476 0.0 0.0
17 0.9603110285316747 1.8146772495985708 0.0 0.0
18 0.9603110285316865 1.8146772495979326 0.0 0.0
19 0.9603110285316692 1.8146772495983332 0.0 0.0
20 0.9603110285316553 1.8146772495988877 0.0 0.0
21 0.9603110285316766 1.8146772495985697 0.0 0.0
22 0.9603110285316103 1.8146772495987664 0.0 0.0
23 0.9603110285316625 1.814677249598352 0.0 0.0
24 0.9603110285316877 1.8146772495980497 0.0 0.0
0 0.962143253987063 1.6465834443950271 0.026624042958446836 0.23488008243174552
1 0.9457432930171402 1.754611716570978 0.02154946968021043 0.33461249988034736
2 0.9783530093822231 1.9129315936386528 0.024010055342780556 0.2455596348733894
3 0.9709755552560283 1.924884272438478 0.0282841216909277 0.16019701713361323
4 0.9578118625822716 1.7711698953217938 0.023048581182179062 0.2088681772183506
5 0.979686060931272 1.5809392262678201 0.033065134247992456 0.6983179714917124
6 0.9531149421197261 1.8325192955313772 0.02240408579257641 0.2819970059227922
7 0.9456790091478544 1.9121611594068457 0.020577354113922475 0.20503782213298372
8 0.9356776772518137 2.323358139804097 0.02766812866260554 0.440466558904542
9 0.9544751345370227 1.9634256347697068 0.02879294652648351 0.3811003998234228
10 0.9587476762920579 1.9817496123354827 0.03355126414379189 0.5213953875889964
11 0.9786965251573994 1.9403377912768451 0.030698913975788056 0.2919245717556159
12 0.9741854799331041 1.7116453262741884 0.027614364848839557 0.23058705844052196
13 0.9454172308006589 2.0103907738586133 0.025229538861571643 0.30475340153627783
14 0.9667673348657907 1.7629937663773012 0.02417051908763551 0.19427489653629193
15 0.9725070815472125 1.929952613939393 0.02465932297062229 0.1957105190210452
16 0.9540693941950456 1.8717108643724807 0.02416304138419728 0.26325327513166297
17 0.9541599373990285 1.7802146876622702 0.031297349524016416 0.6060774933453688
18 0.956374669775598 1.7530038801949583 0.022950821027182433 0.2719325855414887
19 0.9542432773931756 1.6824995927236102 0.024178894805781947 0.3717460361906314
20 0.9656960694806593 2.0346005005216474 0.030890567979813544 0.41035526349846263
21 0.9759970217373305 1.9446753684017068 0.03372463693948885 0.4087839691923555
22 0.9637308104341249 1.682267661291758 0.021385009260025678 0.23068159933160193
23 0.9742592818309722 1.6864115604860883 0.024394350799329056 0.43354260105334297
24 0.9728162140444734 1.9405040506103548 0.02624291305928872 0.2767322990005091
0 0.960532756089755 1.8006718744004346 0.0028597351242707902 0.02730242443890163
1 0.9610619621437609 1.8098155054847966 0.0027257467037707928 0.03056959278873206
2 0.9595178369797693 1.8324084246775854 0.0027618134518257453 0.033864274306894315
3 0.9620727588506071 1.8197518162931046 0.0023390143608071345 0.028200920168910848
4 0.9618577990021394 1.8089088956150692 0.002352008042546705 0.03563502317936462
5 0.9603147995588136 1.818128919352837 0.00238730716279012 0.029543097676792196
6 0.9610495455348692 1.8034730474832759 0.0026677837909431235 0.029663292927728957
7 0.960628189817658 1.8222722319916511 0.00271180551392719 0.03504310749003503
8 0.9601332158197083 1.7981390880621397 0.0024877058902627036 0.030447358002302582
9 0.9620314412214978 1.7893140013346351 0.0023208558732726314 0.03157053181970193
10 0.9586026650144869 1.8246553827864127 0.0028988884636024226 0.032555548575446625
11 0.9617412941852092 1.8144596673149431 0.0021688279143184386 0.02770857187238185
12 0.9586901945310959 1.814719806121503 0.002653579184496324 0.02802601604537225
13 0.9608420093067577 1.8112366069383155 0.002563181012332938 0.029229556399182344
14 0.9610644849248541 1.8267231738248653 0.002974497091239925 0.02833048290343232
15 0.9585335021282086 1.8149203917532744 0.003052266348457844 0.040786016289455884
16 0.9603971285955579 1.826761730158998 0.0024331097552026115 0.032198863762728513
17 0.9605230469320868 1.8169720690413043 0.0028389257701634807 0.03365485929195178
18 0.9595037805345911 1.8302348913352202 0.0023705623204662296 0.033050250560397676
19 0.9591625169483954 1.8152274676288336 0.002767474834048489 0.02839609577362301
20 0.9596447930589921 1.8194451780233494 0.0026132042784867138 0.03393868119217747
21 0.961773838123037 1.7926218444329587 0.002616317354496134 0.031738927065648515
22 0.9600679380065571 1.8139479759165704 0.002365632087439895 0.02859073797532319
23 0.961853052687887 1.799824763637051 0.0027721399355232212 0.031190905150804027
24 0.9599320028474169 1.8181954724385303 0.0025479241894525995 0.03332929264497497
0 0.9605857624132126 1.8150120650149402 0.00047586569137508805 0.005226730960201875
1 0.9598808931074444 1.8167013955006244 0.0005282864176597846 0.004937540008409624
2 0.9603814787269188 1.8130329707985502 0.00047679762406888093 0.0058660101628881245
3 0.9598631045066807 1.8186037109334605 0.0004835504559721482 0.004546719917282949
4 0.9604045646054915 1.8104616032505025 0.0004495816701875488 0.0055139546083146085
5 0.9604267819768927 1.8125766217732941 0.0004525970646356847 0.004843100999725181
6 0.9606064361793275 1.8146314121194371 0.0005392892562640084 0.005641153951947309
7 0.96023238590751 1.8089275663739623 0.00048683688045536577 0.005846615040980607
8 0.9597723280176429 1.8099705869286757 0.0005226735009833394 0.005776090081193841
9 0.9606242807148221 1.8126912365195333 0.0005380755026459516 0.0054039827864399426
10 0.9600236431367626 1.8120350722522687 0.00043479965081277827 0.005530396706132312
11 0.9602652150516281 1.8136574981743814 0.0005147418263180548 0.0058673680748322354
12 0.9604329069121551 1.8131963870052856 0.00046483048969714336 0.006089169231912828
13 0.9601215615035832 1.8138876959718544 0.0004454347980109574 0.005456347475161327
14 0.9602422319083236 1.8156047259250132 0.0005863143973121043 0.006310160911315199
15 0.9605500278369314 1.8111608162920485 0.000528112708584938 0.0061508593661142585
16 0.9601685120926557 1.8144628621993764 0.0005045149364187873 0.0060005330727259665
17 0.9602039117940971 1.8110977484329749 0.0004375597177174173 0.00546492205150062
18 0.9599696288504198 1.812426756316393 0.00047412167209576195 0.006465179997259707
19 0.960211959683669 1.8169153788177845 0.0004713216242526186 0.005622983312300489
20 0.9603931012484607 1.812680896489811 0.0004776583988669314 0.005168836831602741
21 0.9599871174785736 1.8188159735594371 0.00045286672288963326 0.004976047833531672
22 0.9603474169992153 1.81884447971169 0.0005119932568675711 0.005891857594986338
23 0.9603129008311524 1.8158744011008798 0.0005015982659342111 0.006024103610328901
24 0.9602370149669047 1.8154349530822858 0.00045258664055020104 0.005110922374586657
0 0.960844631059473 1.8156212405333476 0.0 0.0
1 0.9608446310595112 1.8156212405333436 0.0 0.0
2 0.960844631059501 1.8156212405337844 0.0 0.0
3 0.960844631059542 1.815621240533448 0.0 0.0
4 0.9608446310594914 1.8156212405334475 0.0 0.0
5 0.9608446310594596 1.8156212405332426 0.0 0.0
6 0.9608446310595228 1.815621240533243 0.0 0.0
7 0.9608446310594583 1.8156212405333514 0.0 0.0
8 0.9608446310594536 1.8156212405337702 0.0 0.0
9 0.9608446310594579 1.8156212405339842 0.0 0.0
10 0.9608446310594818 1.8156212405338616 0.0 0.0
11 0.9608446310594627 1.8156212405334415 0.0 0.0
12 0.9608446310594934 1.8156212405333523 0.0 0.0
13 0.9608446310594806 1.8156212405334617 0.0 0.0
14 0.9608446310594407 1.8156212405336667 0.0 0.0
15 0.9608446310594647 1.8156212405334644 0.0 0.0
16 0.9608446310594463 1.8156212405336702 0.0 0.0
17 0.9608446310594536 1.815621240533573 0.0 0.0
18 0.9608446310594929 1.8156212405333476 0.0 0.0
19 0.9608446310594349 1.8156212405338745 0.0 0.0
20 0.9608446310594632 1.815621240534197 0.0 0.0
21 0.9608446310594561 1.8156212405334693 0.0 0.0
22 0.9608446310595259 1.8156212405331391 0.0 0.0
23 0.9608446310594776 1.8156212405329193 0.0 0.0
24 0.9608446310594546 1.8156212405334562 0.0 0.0
0 0.9611783629218987 1.7404202329218061 0.031528195554839655 0.19160559941444655
1 0.9575359045481087 1.8091627977477225 0.02285701099114601 0.21376187161967042
2 0.9831475147652449 1.6907279394545185 0.02801036503726817 0.32183641150485687
3 0.9263863400901188 1.9176882960778385 0.02215144539825631 0.3370041176830134
4 0.9762071136766121 1.920648127476656 0.0314813862182195 0.11472476292549483
5 0.9316118765768406 1.8645428696851198 0.019408360417485948 0.22820809372314965
6 0.95328632812609 1.77106895722409 0.024514334155610218 0.15856011611625942
7 0.9856136245974737 1.8743987749510456 0.026966613656625504 0.3250868354230031
8 0.9697562990239813 1.5871469278666184 0.02853780671241013 0.7398839364096326
9 0.9686726792444847 1.630527056071932 0.028586465120700122 0.16000674599691922
10 0.9416341993620475 1.8255108708610923 0.019084687565495806 0.17081844058425655
11 0.9429721405892443 1.7541374984005713 0.022658654285439284 0.2623239610493313
12 0.9741394404589684 1.7245970202368561 0.029221673008230586 0.21797663407472134
13 0.9736716427198895 1.7461310537512142 0.036453625438056414 0.9853904139177627
14 0.9831003092781341 1.4856292784338265 0.04306322546506636 1.8520709649168754
15 0.9610743674737364 1.9058864942062463 0.02954874923209433 0.24080484510513
16 0.9815212359762613 1.8343581866841654 0.031199131515093348 0.20274538169856182
17 0.96949515896442 1.795852077174498 0.02533351314347354 0.2131137140434488
18 0.9528908497913421 1.742007285290938 0.024404033780054735 0.31487148705640233
19 0.9661147386713306 1.870762958718334 0.02270363775855838 0.17280096260565003
20 0.9457844965421317 1.831517252042626 0.026752340859975354 0.2153655915124757
21 0.9820359502926543 1.750030698213426 0.029251734836173493 0.2661471106646516
22 0.9477372173264558 1.5809184515202601 0.023312640127604367 0.2643932832785325
23 0.9679550246613694 1.9340015287086547 0.028786241657242195 0.4284390498957571
24 0.9467583816583287 1.9412306643943662 0.024329756247841894 0.33212880425197555
